4.924712884710399976e+02 9.692822538375416741e+00
6.168147965902599026e+02 9.828096996399814600e+00
7.638372732543799657e+02 9.235194493621404987e+00
9.253173612955999943e+02 8.424121935179746501e+00
1.100615403814399997e+03 7.593112775072329512e+00
1.298236674993300085e+03 6.682836666931534886e+00
1.518166991256800202e+03 5.827259703544878100e+00
1.760288013620099946e+03 5.041204873979168610e+00
2.033911876752500120e+03 4.300793388431405795e+00
2.329531745197999953e+03 3.652437364586898383e+00
2.646894118446700304e+03 3.084160371652044930e+00
3.005192604071100050e+03 2.584298707085930680e+00
3.384993155491099969e+03 2.157031384401418173e+00
3.805666926471400075e+03 1.779793160765137605e+00
4.267216384828399896e+03 1.468587004903414650e+00
4.769607569610299834e+03 1.199019685945938107e+00
5.312782765869799732e+03 9.807941372566831850e-01
5.896675691593100055e+03 7.988762478673815393e-01
6.541057323785499648e+03 6.452204019912799460e-01
7.226067450451399964e+03 5.203265778042998058e-01
7.971517545701799463e+03 4.207062461347056415e-01
8.777390729432900116e+03 3.388528339637493780e-01
9.603817788538799505e+03 2.730109048491919377e-01
1.060019441718899907e+04 2.189471408573328559e-01
1.159714812579600039e+04 1.766905166205046118e-01
1.259455137311900035e+04 1.433192252792778731e-01
1.379189989167699969e+04 1.153221096315697469e-01
1.498964747410299969e+04 9.285369653135421009e-02
1.638741344921999917e+04 7.487972743572973711e-02
1.778551509505700233e+04 6.025531229635273239e-02
1.938366260504000093e+04 4.880195402177944092e-02
2.098208207853599743e+04 3.941487869098075220e-02
2.278055952333499954e+04 3.172490711919031398e-02
2.477911658030999752e+04 2.558523321280845378e-02
2.677788181079899732e+04 2.066547719623473486e-02
2.897671305888599818e+04 1.668041698159351133e-02
3.137562020072200175e+04 1.355382969450384147e-02
3.387464234488499642e+04 1.099956766226802690e-02
3.657373339283999667e+04 8.888092214135164676e-03
3.947289319798999350e+04 7.201423190340891685e-03
4.257211596206200193e+04 5.870126456683048832e-03
4.587140233025299676e+04 4.764016182627825446e-03
4.937074844100500195e+04 3.875853030738776392e-03
5.317013351357699867e+04 3.171675887793430019e-03
5.726956307943400316e+04 2.584862363246381595e-03
6.156904237034400285e+04 2.110568239885132757e-03
6.626854710696201073e+04 1.725381667631305715e-03
7.126809381677699275e+04 1.407005866698357631e-03
7.666767139165800472e+04 1.153081104941812646e-03
8.556708968558500055e+04 8.517707463862321830e-04
9.906640316082299978e+04 5.644343833932768126e-04
1.150657964118999953e+05 3.718890430740887055e-04
1.340652626896500005e+05 2.406837679691059778e-04
1.590647535408000113e+05 1.502212682039122556e-04
1.910642953026500181e+05 8.985737815835179079e-05
2.330638840604700090e+05 5.203661439599194228e-05
3.400632941559999599e+05 1.871781260072280851e-05
